restricted areas: 
  - id: 0
    points: [[-5.49837, 3.4336],[-7.49, 4.13],[-8.4, 0.92],[-6.62, 0.08]]
    description: imark_rpoly_0
  - id: 1
    points: [[-7.04, 5.17],[-7.05, 5.14],[-4.11822, 6.73682],[-4.47927, 4.65823]]
    description: imark_rpoly_1
  - id: 2
    points: [[-1.25338, 5.48389],[-3.5, 6.1],[-3.36, 6.69],[-1.12, 6.05]]
    description: imark_rpoly_2
  - id: 3
    points: [[1.43578, 5.45152],[2.53425, 5.22913],[1.89122, 2.1768],[0.629283, 2.41098]]
    description: imark_rpoly_3
