restricted areas: 
  - id: 0
    points: [[5.43363, -4.00345],[5.11807, -2.89722],[1.448, -4.3157],[1.87017, -5.26071]]
    description: imark_rpoly_0
  - id: 1
    points: [[-7.04, 5.17],[-7.05, 5.14],[-3.77762, 6.3492],[-4.47927, 4.65823]]
    description: imark_rpoly_1
  - id: 2
    points: [[-1.25338, 5.48389],[-3.5, 6.1],[-3.0684, 7.35971],[-0.828396, 6.71971]]
    description: imark_rpoly_2
  - id: 3
    points: [[-4.23804, 2.85436],[2.42184, 5.14588],[3.14821, 2.9202],[-3.51464, 0.629465]]
    description: imark_rpoly_3
